0.49108	0.493298	0.488346
-0.337845	-0.352477	-0.491784
0.49988	-0.343709	-0.329867
-0.344909	0.464188	-0.339519
-0.174981	0.491189	0.4975
0.0101795	-0.353361	0.469121
-0.172138	-0.337464	-0.322064
0.00881465	0.484174	-0.352394
0.156975	0.480149	0.492826
0.32352	-0.34852	0.47374
0.154821	-0.300368	-0.348976
0.338519	0.491775	-0.367273
0.482993	-0.179737	-0.491365
-0.360761	-0.00449656	-0.496584
0.467883	-0.014096	-0.330894
-0.358096	-0.154853	-0.325492
-0.182772	-0.168584	-0.474233
0.0301369	0.0133242	-0.459057
-0.16538	0.0128598	-0.341645
-0.0106293	-0.145095	-0.323774
0.209947	-0.166913	0.488323
0.362515	-0.000445457	0.46204
0.201777	-0.0194489	-0.329141
0.348519	-0.199847	-0.327404
0.497366	0.176332	-0.472492
-0.338339	0.311816	-0.492029
0.473315	0.328838	-0.313342
-0.348901	0.17581	-0.309281
-0.156316	0.1719	-0.492673
0.0129649	0.31863	-0.494305
-0.174995	0.302779	-0.326102
0.0246736	0.188126	-0.325857
0.198612	0.175236	0.49642
0.348328	0.33449	0.487025
0.173245	0.342384	-0.331722
0.327479	0.157457	-0.315565
-0.490097	-0.495477	-0.166107
-0.329315	-0.332215	-0.177011
-0.496494	-0.347633	0.0048312
-0.347928	0.492895	0.0168192
-0.155602	0.482317	-0.168116
-0.00973102	-0.341069	-0.165335
-0.146944	-0.35277	0.0123909
-0.00104897	0.487789	-0.00482278
0.13621	0.497649	-0.157862
0.314116	-0.346569	-0.159928
0.157616	-0.365807	0.00864061
0.324542	0.464343	-0.0160368
0.487114	-0.209898	-0.162444
-0.339376	0.0028455	-0.167139
0.48597	-0.00263238	0.0214783
-0.350804	-0.181671	-0.0158939
-0.162556	-0.164409	-0.17014
0.00486648	-0.00910581	-0.148626
-0.157172	0.010865	-0.00193168
0.0271417	-0.172643	-0.00893059
0.184631	-0.149044	-0.167594
0.366192	-0.0189054	-0.140263
0.175194	-0.0078085	0.0106588
0.32789	-0.177644	0.0144474
0.477638	0.167904	-0.154171
-0.322093	0.348903	-0.142655
0.493308	0.315447	-0.00102078
-0.336335	0.143829	-0.0120897
-0.159184	0.157064	-0.163616
0.00171564	0.325647	-0.180515
-0.164755	0.333086	-0.0224999
1.79876e-05	0.154309	-0.00111213
0.153806	0.138241	-0.171072
0.319602	0.318235	-0.169376
0.153437	0.322655	-0.0191474
0.329051	0.149895	0.00979282
0.485392	-0.494336	0.171893
-0.327785	-0.331267	0.170371
-0.482631	-0.327089	0.341032
-0.333775	-0.49867	0.343315
-0.201731	-0.494787	0.184613
0.00696554	-0.352699	0.159798
-0.169307	-0.332495	0.333635
-0.0050308	0.459462	0.309651
0.184423	0.47561	0.137843
0.322715	-0.343577	0.149559
0.169639	-0.333828	0.309099
0.321564	0.48463	0.311456
-0.495338	-0.195686	0.15702
-0.318584	-0.022127	0.152797
-0.496317	0.00086848	0.318764
-0.328506	-0.164192	0.348438
-0.115526	-0.157095	0.14387
0.0296181	0.0122265	0.153432
-0.187351	0.0122943	0.328029
-0.0205264	-0.134023	0.356851
0.15619	-0.177813	0.158391
0.329964	0.00688943	0.179809
0.173759	0.00132116	0.339965
0.323743	-0.178218	0.305736
-0.456493	0.165564	0.175153
-0.341868	0.337552	0.16259
0.498551	0.338237	0.317805
-0.332711	0.153557	0.357728
-0.210564	0.171752	0.148106
-0.0501801	0.310287	0.152131
-0.199363	0.311285	0.338032
0.00502049	0.143414	0.332693
0.160564	0.159061	0.181273
0.346283	0.313181	0.152825
0.147501	0.313099	0.326921
0.336852	0.17843	0.310994
