0.427202	-0.00585564	-0.216369
0.283514	-0.172779	-0.103652
0.436738	0.138397	0.475396
0.290784	-0.434567	-0.185298
-0.328345	-0.0358111	0.0267922
0.124619	-0.399068	-0.301304
-0.0307668	-0.358924	-0.440583
-0.0659962	-0.382861	-0.1921
-0.212185	-0.308162	0.421937
-0.408715	-0.301207	-0.407241
0.190045	0.42764	-0.364356
-0.240577	0.222997	-0.228143
-0.187878	-0.330165	-0.00819717
-0.481593	-0.258474	0.406947
0.261859	0.0115659	0.439764
-0.409673	0.382707	-0.385678
0.0623707	-0.200729	0.447479
-0.0930506	-0.310262	0.283216
0.344278	-0.333611	-0.376746
-0.0161615	0.164044	-0.338325
0.164303	-0.430674	-0.499014
-0.117451	-0.12163	0.498009
0.15765	0.0584679	-0.305696
-0.409166	0.376527	-0.185826
-0.336193	0.338447	0.360836
0.149415	0.246971	0.159371
0.1714	0.260842	-0.240342
-0.20822	0.0674415	-0.382048
-0.364347	-0.0471298	0.26014
0.420225	-0.347228	-0.00992786
0.446235	-0.0902783	-0.4948
-0.130034	0.126296	0.467649
-0.305429	-0.0127138	-0.18291
-0.267082	-0.346905	-0.225052
-0.141438	0.302864	0.373644
-0.266895	-0.155197	-0.343575
-0.491908	-0.395492	-0.170928
-0.112417	0.451135	-0.0892259
-0.300751	-0.489716	-0.0634676
-0.486884	0.466118	0.0352212
0.369416	0.182669	-0.277895
-0.143959	0.0428958	-0.0692029
0.296973	-0.399893	0.243365
0.109335	-0.292254	-0.11011
0.0692852	-0.442085	0.0932672
0.40524	0.462207	-0.381265
0.448251	0.337253	0.457051
0.461613	-0.184487	-0.311257
0.344266	-0.204497	0.232971
-0.384534	-0.330351	0.0307648
-0.387266	-0.195328	-0.138456
-0.290596	0.21245	-0.0288353
-0.47552	-0.193051	0.155677
0.283115	0.0969937	-0.105778
0.135683	-0.0986998	0.0141337
0.257468	0.0735563	0.0879552
-0.0190816	0.367654	0.103537
0.0688545	0.106833	-0.135729
0.321204	0.439014	0.0375622
-0.19679	0.455219	-0.285374
0.0772897	0.0613797	-0.474663
-0.366171	0.200764	-0.494303
-0.345981	-0.495459	0.198911
0.0621631	0.297329	0.493299
-0.446206	0.0102916	-0.363399
0.386799	0.23543	-0.00383188
0.354945	0.356018	-0.147664
0.042318	0.0489136	0.120581
-0.335695	-0.0635074	0.490784
-0.106902	-0.188748	-0.17031
0.283664	-0.110675	-0.383709
-0.254295	-0.432379	-0.420501
-0.422768	0.139809	0.124566
-0.434298	-0.454114	0.429834
0.492788	-0.407237	0.195383
0.104194	-0.34612	0.321878
0.257816	-0.20978	0.399886
0.107392	-0.198211	-0.342458
0.242266	0.411416	0.352059
-0.0641932	-0.0704056	-0.322901
0.484174	0.0419356	-0.0223702
-0.437785	0.165986	0.320172
0.0216162	0.419489	0.292914
-0.236335	0.310182	0.165584
-0.135023	-0.1376	0.0751023
-0.0420535	0.326305	-0.20988
0.199514	-0.0509178	0.244617
-0.274288	-0.235151	0.221022
0.0632051	-0.233108	0.146041
-0.152038	-0.0542495	0.286628
-0.160701	0.0927352	0.150748
-0.233967	0.369652	-0.477853
0.335479	-0.0965193	0.0570359
0.378035	0.247199	0.197615
0.217868	-0.307313	0.0540844
0.178947	0.188091	0.347968
0.422916	-0.012774	0.318646
0.0232184	0.0409365	0.338214
0.370975	-0.422992	0.443634
-0.111688	-0.486482	0.421961
0.122311	0.485723	-0.125883
-0.0211097	0.44849	-0.371676
-0.144235	-0.465185	0.155201
0.120836	0.313132	-0.0408646
-0.436352	0.193084	-0.278628
0.487757	0.414547	0.282228
0.268171	0.256943	-0.447196
-0.0791598	0.209934	-0.0204828
